,index_content,amend_weight
0,1,1.0
1,2,1.0
2,3,0.0
3,4,0.0
4,5,1.0
5,6,0.0
6,7,0.0
7,8,1.0
8,9,1.0
9,10,3.0
10,11,0.0
11,12,-1.0
12,13,0.0
13,14,0.0
14,15,0.0
15,16,0.0
16,17,0.0
17,18,0.0
18,19,1.0
19,20,-1.0
20,21,0.0
21,22,0.0
22,23,0.0
23,24,0.0
24,25,0.0
25,26,0.0
26,27,0.0
27,28,0.0
28,29,0.0
29,30,0.0
30,31,3.0
31,32,0.0
32,33,0.0
33,34,0.0
34,35,3.0
35,36,0.0
36,37,0.0
37,38,0.0
38,39,2.0
39,40,1.0
40,41,0.0
41,42,0.0
42,43,1.0
43,44,0.0
44,45,0.0
45,46,2.0
46,47,1.0
47,48,1.0
48,49,1.0
49,50,1.0
50,51,-1.0
51,52,0.0
52,53,-1.0
53,54,0.0
54,55,0.0
55,56,0.0
56,57,0.0
57,58,-1.0
58,59,0.0
59,60,0.0
60,61,0.0
61,62,1.0
62,63,0.0
63,64,0.0
64,65,0.0
65,67,0.0
66,68,0.0
67,69,1.0
68,70,1.0
69,71,0.0
70,72,2.0
71,73,-1.0
72,74,0.0
73,75,2.0
74,76,0.0
75,77,3.0
76,78,0.0
77,79,-1.0
78,80,3.0
79,81,0.0
80,82,0.0
81,83,0.0
82,84,0.0
83,85,1.0
84,86,0.0
85,87,0.0
86,88,0.0
87,89,1.0
88,90,1.0
89,91,0.0
90,92,0.0
91,93,0.0
92,94,0.0
93,95,0.0
94,96,0.0
95,97,0.0
96,98,0.0
97,99,-1.0
98,100,0.0
99,101,0.0
100,102,0.0
101,103,-1.0
102,104,0.0
103,105,2.0
104,106,-1.0
105,107,0.0
106,108,0.0
107,109,0.0
108,110,0.0
109,111,0.0
110,112,0.0
111,113,2.0
112,114,2.0
113,115,0.0
114,116,3.0
115,117,0.0
116,118,1.0
117,119,1.0
118,120,0.0
119,121,1.0
120,122,1.0
121,123,0.0
122,125,0.0
123,126,2.0
124,127,0.0
125,128,1.0
126,129,0.0
127,130,1.0
128,131,0.0
129,132,0.0
130,133,0.0
131,136,0.0
132,137,0.0
133,138,0.0
134,140,0.0
135,141,0.0
136,142,0.0
137,143,-1.0
138,144,0.0
139,145,2.0
140,146,0.0
141,147,-1.0
142,148,0.0
143,149,0.0
144,150,0.0
145,151,0.0
146,152,2.0
147,153,1.0
148,154,1.0
149,155,-1.0
150,156,1.0
151,157,0.0
152,158,0.0
153,159,0.0
154,160,1.0
155,162,0.0
156,163,0.0
157,164,2.0
158,165,0.0
159,166,1.0
160,167,0.0
161,168,1.0
162,169,0.0
163,170,2.0
164,171,0.0
165,172,0.0
166,173,0.0
167,174,0.0
168,176,0.0
169,177,0.0
170,178,0.0
171,179,1.0
172,181,0.0
173,182,0.0
174,183,1.0
175,184,0.0
176,185,0.0
177,186,0.0
178,187,0.0
179,188,-1.0
180,189,0.0
181,190,0.0
182,191,0.0
183,192,0.0
184,193,0.0
185,194,-1.0
186,195,0.0
187,196,0.0
188,197,2.0
189,199,0.0
190,202,1.0
191,203,1.0
192,204,1.0
193,205,0.0
194,206,1.0
195,207,0.0
196,208,0.0
197,209,0.0
198,210,1.0
199,211,0.0
200,212,0.0
201,213,0.0
202,214,0.0
203,215,0.0
204,216,0.0
205,218,0.0
206,219,0.0
207,220,0.0
208,221,0.0
209,222,0.0
210,223,0.0
211,224,0.0
212,225,0.0
213,226,-1.0
214,227,-2.0
215,228,0.0
216,229,0.0
217,230,0.0
218,231,1.0
219,232,1.0
220,233,0.0
221,234,2.0
222,235,1.0
223,236,0.0
224,237,0.0
225,238,0.0
226,239,0.0
227,240,0.0
228,244,2.0
229,245,0.0
230,246,0.0
231,247,13.0
232,248,-1.0
233,249,0.0
234,250,0.0
235,251,0.0
236,252,1.0
237,253,-1.0
238,254,0.0
239,255,0.0
240,256,-1.0
241,257,-1.0
242,258,0.0
243,259,0.0
244,260,0.0
245,261,0.0
246,262,0.0
247,263,0.0
248,264,0.0
249,265,0.0
250,266,1.0
251,267,0.0
252,268,0.0
253,269,0.0
254,270,0.0
255,271,0.0
256,272,1.0
257,273,0.0
258,274,2.0
259,275,0.0
260,276,1.0
261,277,0.0
262,278,-1.0
263,279,0.0
264,288,1.0
265,289,1.0
266,290,0.0
267,292,0.0
268,293,-1.0
269,294,1.0
270,295,0.0
271,298,1.0
272,299,0.0
273,300,0.0
274,301,0.0
275,302,0.0
276,303,-1.0
277,304,0.0
278,305,0.0
279,306,0.0
280,307,0.0
281,308,0.0
282,309,0.0
283,310,0.0
284,311,-1.0
285,312,0.0
286,313,10.0
287,314,0.0
288,315,5.0
289,316,1.0
290,317,1.0
291,318,-1.0
292,319,-1.0
293,320,6.0
294,325,0.0
295,331,0.0
296,335,0.0
297,338,0.0
298,339,0.0
299,340,0.0
300,341,0.0
301,342,0.0
302,343,0.0
303,344,0.0
304,345,-1.0
305,346,0.0
306,347,0.0
307,348,0.0
308,349,0.0
309,350,0.0
310,351,0.0
311,352,1.0
312,353,2.0
313,354,1.0
314,355,0.0
315,356,0.0
316,357,3.0
317,359,2.0
318,360,0.0
319,371,-1.0
320,375,0.0
321,376,0.0
322,377,0.0
323,378,0.0
324,380,0.0
325,381,0.0
326,382,0.0
327,383,0.0
328,384,0.0
329,385,0.0
330,386,0.0
331,387,0.0
332,388,0.0
333,390,0.0
334,392,0.0
335,393,0.0
336,394,2.0
337,395,3.0
338,396,1.0
339,397,0.0
340,398,1.0
341,399,2.0
342,400,-1.0
343,401,1.0
344,411,0.0
345,412,0.0
346,413,-1.0
347,414,0.0
348,415,-1.0
349,416,0.0
350,417,0.0
351,418,0.0
352,419,-1.0
353,420,0.0
354,421,0.0
355,422,0.0
356,423,0.0
357,424,0.0
358,425,0.0
359,426,0.0
360,427,-1.0
361,428,0.0
362,430,0.0
363,431,0.0
364,432,0.0
365,433,0.0
366,434,1.0
367,435,3.0
368,436,0.0
369,437,1.0
370,438,2.0
371,439,0.0
372,440,0.0
373,441,-1.0
374,451,0.0
375,452,0.0
376,453,0.0
377,455,-1.0
378,456,0.0
379,461,0.0
380,462,1.0
381,464,0.0
382,466,0.0
383,467,0.0
384,468,0.0
385,469,0.0
386,470,0.0
387,471,0.0
388,472,3.0
389,473,1.0
390,474,0.0
391,475,5.0
392,476,0.0
393,477,5.0
394,478,0.0
395,479,1.0
396,480,-2.0
397,481,0.0
398,482,0.0
399,483,0.0
400,488,0.0
401,491,0.0
402,492,0.0
403,493,0.0
404,494,0.0
405,497,0.0
406,500,-1.0
407,502,-1.0
408,503,0.0
409,505,-1.0
410,506,0.0
411,507,0.0
412,508,1.0
413,509,0.0
414,510,0.0
415,511,1.0
416,512,0.0
417,513,0.0
418,514,0.0
419,515,0.0
420,516,1.0
421,518,0.0
422,519,1.0
423,520,0.0
424,521,1.0
425,522,0.0
426,524,0.0
427,535,-1.0
428,536,0.0
429,538,0.0
430,539,0.0
431,541,0.0
432,542,0.0
433,543,-1.0
434,544,0.0
435,545,0.0
436,546,0.0
437,547,0.0
438,548,0.0
439,549,0.0
440,550,0.0
441,551,1.0
442,552,1.0
443,553,1.0
444,555,0.0
445,557,1.0
446,558,0.0
447,559,1.0
448,560,-1.0
449,561,1.0
450,562,0.0
451,563,0.0
452,564,2.0
453,571,0.0
454,572,0.0
455,576,0.0
456,578,0.0
457,582,0.0
458,583,0.0
459,584,-1.0
460,585,0.0
461,587,0.0
462,588,0.0
463,589,0.0
464,590,1.0
465,591,0.0
466,592,0.0
467,593,0.0
468,594,0.0
469,595,1.0
470,596,1.0
471,597,0.0
472,598,3.0
473,599,-1.0
474,600,0.0
475,601,0.0
476,602,0.0
477,603,1.0
478,604,1.0
479,611,0.0
480,612,-1.0
481,613,0.0
482,614,-2.0
483,615,0.0
484,616,-1.0
485,617,0.0
486,618,0.0
487,619,0.0
488,620,2.0
489,621,2.0
490,622,1.0
491,623,1.0
492,625,0.0
493,626,1.0
494,627,0.0
495,628,0.0
496,629,0.0
497,630,4.0
498,631,0.0
499,632,0.0
500,633,0.0
501,634,1.0
502,640,0.0
503,641,0.0
504,642,0.0
505,644,0.0
506,647,1.0
507,648,0.0
508,652,1.0
509,653,5.0
510,654,1.0
511,655,2.0
512,656,1.0
513,657,0.0
514,658,0.0
515,659,1.0
516,660,0.0
517,661,0.0
518,662,0.0
519,663,0.0
520,664,5.0
521,670,1.0
522,671,0.0
523,672,0.0
524,674,0.0
525,675,0.0
526,676,0.0
527,677,0.0
528,680,1.0
529,681,2.0
530,682,0.0
531,683,1.0
532,684,0.0
533,685,0.0
534,686,0.0
535,687,3.0
536,688,0.0
537,689,3.0
538,690,3.0
539,692,3.0
540,694,1.0
541,700,0.0
542,701,0.0
543,702,-2.0
544,703,-1.0
545,704,0.0
546,706,0.0
547,707,0.0
548,708,0.0
549,709,0.0
550,710,2.0
551,711,0.0
552,712,0.0
553,713,0.0
554,714,1.0
555,715,1.0
556,716,0.0
557,717,0.0
558,718,1.0
559,719,0.0
560,720,0.0
561,721,-2.0
562,722,0.0
563,723,0.0
564,724,4.0
565,730,-1.0
566,731,0.0
567,734,2.0
568,735,4.0
569,736,1.0
570,737,1.0
571,738,1.0
572,739,1.0
573,740,2.0
574,741,1.0
575,742,2.0
576,743,1.0
577,744,0.0
578,745,-1.0
579,746,1.0
580,747,1.0
581,748,0.0
582,755,1.0
583,756,2.0
584,757,1.0
585,758,1.0
586,759,0.0
587,760,1.0
588,761,1.0
589,762,2.0
590,763,0.0
591,764,0.0
592,765,0.0
593,766,0.0
594,767,0.0
595,768,0.0
596,775,3.0
597,776,1.0
598,777,1.0
599,778,0.0
600,779,0.0
601,780,2.0
602,781,0.0
603,782,1.0
604,783,2.0
605,784,1.0
606,785,0.0
607,786,2.0
608,787,0.0
609,788,0.0
610,794,0.0
611,795,0.0
612,796,2.0
613,797,0.0
614,798,0.0
615,799,0.0
616,800,0.0
617,801,2.0
618,802,3.0
619,803,0.0
620,804,1.0
621,805,0.0
622,808,1.0
623,814,2.0
624,815,1.0
625,816,2.0
626,817,2.0
627,818,0.0
628,819,3.0
629,820,0.0
630,821,0.0
631,822,2.0
632,823,0.0
633,824,0.0
634,826,2.0
635,827,0.0
636,828,2.0
